-12447.4
31644
-35362.1
-13745.8
1556.65
24.4037
-56977.9
-23622.9
3206.23
28.4563
5.32472
-44.0219
80.5687
73.4288
-92131.9
-42336.1
6658.76
-29.524
180.474
59.8965
60.2353
10.5821
44.8148
45.7498
-0.186468
68.7597
39.0099
-56.7322
-77.2829
1.2819
-152446
-77832.9
13483.8
6.46703
-2.56995
-22.0257
40.7256
155.626
75.0884
-27.3193
-95.3106
-67.7939
34.4363
-41.0786
-21.553
52.2538
47.214
161.02
-90.3158
-57.3047
-58.97
14.507
-40.0948
-126.011
-59.7802
115.883
39.8816
25.346
99.5064
-32.436
-61.4802
-36.5719
-256045
-140599
22174.9
1456.15
132.041
23.64
-58.7409
54.7062
-118.317
-15.601
11.9371
0.0120679
-80.2424
-83.4462
45.9612
86.2587
27.8761
80.0631
15.9865
-63.0676
-44.168
86.7307
-29.3591
54.2092
56.3408
13.4385
-5.46966
-100.384
8.96057
45.7836
-90.0004
-88.5546
-94.0752
0.856979
83.7584
-71.3982
33.6781
22.1477
90.0378
16.3988
38.6874
-40.936
-41.8123
10.5974
-78.7485
119.195
-63.404
-16.3064
16.4215
113.566
-14.454
68.7709
-66.4864
-13.0989
-52.4319
-70.9764
28.4592
18.8149
178.329
-49.7874
-25.5965
-19.0169
9.84543
0
-434170
-406279
194383
-44462.8
3502.6
441.756
29.9083
-82.6325
-15.6154
65.1972
10.9583
-94.3536
-62.9834
8.72673
0.285033
35.8542
12.6377
108.314
-26.8361
234.356
6.28335
-44.4597
-182.319
79.6479
26.6781
55.2233
38.052
37.2505
246.804
-65.7564
2.8764
85.066
126.654
-1.80778
-106.524
53.1551
-31.3418
-9.81706
16.9907
60.3187
14.8154
-88.7367
-126.776
67.3217
47.1235
20.8682
16.7783
-54.1809
-11.0528
54.6214
0.204679
-149.889
-29.896
67.8045
12.4345
69.3141
-66.482
-55.2857
-57.1395
-103.402
-60.2143
-104.692
-63.889
21.7156
63.9841
-89.1783
-20.8112
-30.0567
80.2618
-72.4609
22.0321
-12.8594
-236.762
-23.9095
-39.4784
-1.33894
35.2752
96.6492
129.226
-76.249
-153.66
-35.6717
68.7044
-16.534
-69.5467
-78.0424
167.885
25.2563
17.0571
-121.044
125.528
-34.8974
86.908
102.465
-79.8133
-2.9713
80.9373
-89.5133
-134.631
-171.059
14.0486
31.9056
71.4807
4.78907
105.935
296.703
53.9168
-91.1013
62.4813
99.0995
-54.88
-85.0717
3.17992
16.579
50.343
-160.45
-140.971
185.526
-17.0004
-161.077
-80.8816
-86.9713
-166.681
8.12789
0
0
0
0
-664141
-48385.5
428036
405689
-212597
13102.3
29924.5
-13174.2
278.496
2323.79
-865.354
-47.8642
200.033
-578.959
-526.574
-644.046
421.34
127.04
87.3222
48.9376
131.605
-15.3899
-75.7952
-81.4108
-88.352
-216.69
-290.416
-108.535
345.307
-6.6038
-102.512
70.0209
-67.4241
-193.293
-103.574
51.2749
-214.7
-487.69
-216.116
370.862
405.548
142.642
-83.8895
-73.6398
139.764
-22.5231
84.7273
-12.4374
-124.128
55.6311
323.359
201.369
-128.252
59.3014
-6.11366
-102.825
-187.821
113.146
-163.115
-26.9772
-71.4612
-63.456
-148.153
-161.603
191.252
88.8994
-148.411
219.472
169.663
24.1985
79.9267
370.792
-35.0322
-143.575
28.4824
-114.209
-45.226
-324.078
85.7743
44.3633
-335.763
77.066
-277.624
-36.4786
385.257
-59.5568
-8.30269
62.6936
-45.9958
38.1039
4.44185
-146.564
40.9875
39.8483
-141.078
-77.0891
150.576
65.839
-3.36313
207.123
-44.348
61.8756
25.66
-389.642
-40.7731
-250.768
-64.0335
368.576
105.094
-162.75
-24.4979
191.37
164.051
104.685
-100.708
24.3985
82.4652
-132.076
-108.52
-56.885
-337.794
-119.286
-148.086
-167.6
-6.45975
1.20132
-6.38427
-52.6923
-324.343
86.9125
-20.1596
-182.284
44.2959
-5.1313
-227.354
-260.915
58.1309
177.773
76.1638
178.833
75.6288
-35.4512
-241.553
310.301
-99.2561
-285.758
-247.325
153.623
196.261
63.9483
-141.851
-179.203
-45.2367
-296.944
-115.804
-215.685
-246.212
-23.3036
-221.654
-155.652
177.557
37.9137
-17.2763
108.296
-168.076
220.711
129.485
89.5108
63.9639
67.1449
366.308
-125.104
-15.1578
106.241
42.486
190.636
210.813
375.295
341.728
-294.651
-46.25
-149.588
-19.7832
-49.8268
-20.3253
-98.2812
69.6943
189.104
-38.3493
144.766
168.641
-42.4497
-172.643
-43.3898
-141.717
-114.43
-6.25694
-15.1096
-243.242
-185.567
7.17778
2.06439
172.164
-69.2509
-269.635
188.667
11.2099
70.9789
28.8353
-53.7293
-9.14289
315.754
-312.841
-189.937
64.1851
194.244
378.22
-0.798412
7.80767
3.31006
-186.698
-155.479
129.039
185.034
126.39
-3.95267
151.871
-208.756
-2.33946
462.654
-258.763
-69.2588
253.48
-162.662
125.922
192.082
-123.452
103.069
203.08
56.2043
-167.197
-120.972
-84.9821
-30.8804
24.4811
-15.0991
0
0
0
0
0
0
0
0
0
0
-1.13411e+06
-3.20042e+06
2.21702e+06
-2.85116e+06
1.04797e+06
455721
-729858
299186
97551.3
-185387
82966
21102.8
-47002.9
22214.5
4156.61
-11732
6099.38
763.396
-2645.94
1815.46
-469.336
-739.034
234.549
11.2027
-784.196
623.49
-695.575
594.686
-739.151
100.506
634.46
-689.593
-184.64
316.564
-64.8459
46.5459
101.501
-2.81539
66.7387
-287.84
-233.208
353.613
-88.6233
50.2927
318.932
216.61
-25.6945
-25.3748
-39.6007
389.846
-521.708
-124.784
24.2938
-121.748
599.079
-345.708
-113.748
349.67
-97.2884
171.775
202.486
-27.5985
-95.3554
286.302
-63.8068
147.017
23.0782
-144.435
75.6809
-348.006
-226.08
142.523
-453.969
17.9213
-278.442
88.8696
481.645
-673.716
-224.547
-355.272
-155.981
175.159
-232.634
-8.18598
-308.129
72.5752
223.022
-133.892
-33.7945
38.9176
-119.852
336.7
158.751
181.329
-223.577
-171.405
-387.331
184.244
221.391
-366.131
191.674
265.374
-346.664
270.123
340.926
-409.726
-217.811
398.701
55.713
-220.685
-288.079
-239.611
519.903
87.6285
-237.484
171.825
-13.439
-471.216
44.8953
64.7035
266.653
130.716
-307.382
-70.7259
-110.32
90.3361
54.4274
-152.273
-60.4332
344.003
-284.83
208.055
49.4732
36.966
293.871
172.088
-217.545
52.0961
-222.398
10.7473
260.879
-235.256
159.673
197.789
-303.387
275.15
5.44631
-261.814
9.67585
470.204
-9.16236
249.543
-113.645
-128.748
218.877
-78.6101
77.8638
182.813
14.8565
499.402
146.46
-546.41
-207.312
325.574
-80.912
-266.238
372.803
-321.665
-128.296
579.639
-68.1205
-167.81
271.254
404.645
-137.17
227.857
179.618
168.869
187.907
183.944
38.2578
178.682
205.745
-116.826
-440.957
107.072
-161.346
-157.525
34.1851
-193.57
79.7137
-183.337
153.943
229.607
-91.3667
176.008
325.995
-341.439
-296.628
10.0016
-159.938
-103.436
108.81
9.48838
-378.471
493.891
380.997
-670.93
-27.4482
354.976
62.9336
-27.6179
370.021
-20.7003
122.375
77.0505
-510.86
77.4504
310.342
52.2823
292.402
-96.1617
-60.2912
297.159
-391.734
-271.426
32.7923
-64.4062
35.5497
54.6676
247.146
-345.696
-25.4428
215.506
255.29
125.872
183.463
-10.6705
55.1081
33.2985
-39.7561
-288.51
201.626
172.506
-39.1977
-138.615
684.17
-154.257
-48.8204
-175.048
290.652
141.121
159.58
413.735
-729.774
-99.7001
729.094
-238.504
143.563
246.959
73.1233
100.379
-260.245
-291.915
-273.911
2.55449
-31.8191
275.364
399.045
330.707
94.7707
-439.082
-38.8349
424.103
-109.413
197.523
103.312
-510.227
-175.79
240.419
-226.517
11.3644
-25.5234
277.99
67.5574
-615.975
138.914
77.6267
-325.613
-252.598
-183.947
147.651
67.9833
-304.648
184.464
11.6876
-82.5507
106.758
-142.099
58.553
-266.801
0.807559
-309.842
-341.918
-82.5503
137.961
-133.567
-57.4402
-248.42
185.981
-129.118
32.7438
82.541
258.623
-204.501
156.6
120.881
102.371
372.12
235.824
-198.173
176.917
6.29441
-40.8921
-156.806
112.734
-126.205
112.894
387.188
-432.854
-23.6026
231.791
84.6532
314.23
99.7516
-173.56
8.16659
80.4621
310.968
-168.46
-151.887
189.551
-160.969
-160.318
135.729
-93.427
-80.7773
30.7169
325.201
-163.614
-262.075
97.6236
-234.655
-210.653
543.453
383.682
-890.506
658.601
-122.852
-126.453
182.081
234.47
208.37
-640.831
-27.4977
119.81
199.092
7.84845
64.6766
88.9921
45.6717
48.3292
445.76
27.3451
-103.488
-421.848
61.198
-60.7507
136.007
58.1345
-561.663
74.3592
-227.87
-82.0964
182.841
99.1046
-163.719
46.118
-183.302
-55.8489
-69.9038
-296.943
-62.5573
-215.127
384.014
316.113
-243.377
-353.576
-19.7542
74.5965
290.405
-87.4797
-189.442
-254.739
261.966
243.52
-315.791
84.4777
618.66
-323.624
-184.962
333.773
80.963
-180.651
-256.477
-161.475
385.646
-86.3887
-590.277
-159.107
453.057
-281.128
-452.32
228.462
-159.628
-478.411
78.7098
-93.8055
-69.1612
-199.608
35.2481
-84.8048
-1.90839
443.261
-290.291
-77.1848
-386.148
279.223
-38.8127
-13.6724
44.4168
34.7284
334.979
-426.856
163.555
-292.594
102.739
539.41
-245.99
493.091
302.487
-15.8304
-219.586
599.308
200.896
-180.535
419.213
-363.575
-641.385
328.384
-354.187
-461.455
390.565
0.362617
70.3794
645.424
-63.5772
-419.678
599.376
260.263
-363.096
251.823
52.481
-212.763
256.813
116.176
118.464
279.892
-160.742
243.802
-379.193
-322.265
259.997
2.45558
-217.996
65.4019
-52.7425
-274.767
106.708
-15.9316
0
0
0
0
0
0
0
0
0
0
0
0
0
0
0
0
0
0
0
0
0
0
-719218
3.02023e+06
-1.99406e+06
-43190.8
1.20631e+06
-876378
-93448.1
628704
-427818
-68261.3
324652
-210136
-43071.2
166862
-103154
-25772.5
85543.8
-50747.5
-14371.4
44262.3
-24727
-7996.09
22271.1
-12392.4
-4658.72
11342.3
-5777.92
-2424.61
6131.32
-2852.12
-1339.25
3053.45
-1103.19
-549.284
1533.5
-762.969
-257.173
1045.42
-325.663
-548.694
562.602
-3.79487
168.017
338.213
45.6634
144.486
156.997
104.868
632.129
12.6138
192.679
-304.015
186.772
119.085
-422.741
-146.955
-179.078
315.607
-426.813
496.993
318.204
73.7532
203.277
179.369
94.9023
216.527
583.931
-38.3406
68.7204
368.698
-144.225
-485.094
-352.726
260.735
187.75
-7.56892
169.046
152.027
-102.2
343.34
-121.1
-254.45
-140.224
131.838
-106.621
-128.441
144.68
268.666
252.768
-49.9384
-30.4127
421.796
102.512
32.7123
159.527
-406.332
-275.57
116.384
-313.445
272.963
294.566
70.8887
223.51
-92.9784
318.097
-21.9744
-70.4335
46.653
-11.6659
-239.59
191.674
102.245
-144.389
308.917
169.716
-260.316
83.6658
-77.2308
68.7708
-130.05
77.4672
63.5641
-383.354
32.5994
-194.197
204.885
212.047
13.6001
-9.86538
-38.1851
-350.477
-4.71552
102.195
-147.634
6.49841
10.3654
287.751
-7.37418
-226.955
198.594
77.0657
297.409
-90.9919
240.087
0.338158
-91.1154
-34.7692
439.925
215.99
-286.344
-574.451
263.276
96.7964
-221.25
107.574
-492.46
-382.87
-180.248
-124.824
-344.416
-501.972
100.463
-413.832
-106.653
-170.446
68.6362
-288.877
384.521
398.964
-60.2748
-173.648
-57.1234
292.356
76.6058
-52.6795
-35.891
380.744
-208.472
33.3245
-483.088
-262.936
267.012
297.637
-13.367
-284.724
-213.275
-188.134
26.6451
61.133
-299.868
-106.773
24.6026
-296.396
-115.819
147.673
-337.5
36.3189
174.623
270.242
220.287
-69.871
103.355
39.9607
-235.191
174.894
264.813
-381.482
-41.5225
-232.305
71.157
85.8758
-299.7
-126.905
3.41184
51.7788
-10.9752
-164.378
-38.5312
68.9471
-74.2404
64.2099
-42.7267
-1.49197
-58.1634
-19.8982
-433.602
115.099
-102.054
-36.1218
-530.92
-387.098
80.1698
-273.642
217.772
118.397
134.787
-64.319
-120.204
324.583
78.286
120.774
-27.7813
166.715
-33.9054
-35.3044
-47.9487
-144.524
-133.226
-238.42
103.6
-11.9431
278.659
40.3854
155.469
-306.082
-371.434
-125.61
-60.3974
114.111
-265.813
-519.06
363.352
-286.183
-104.829
-84.2067
-82.4279
260.311
-61.9615
-266.793
524.723
-98.8157
-148.881
-222.482
80.0505
56.9647
-11.5104
467.669
166.635
-320.313
128.28
422.272
-50.137
1.08811
-6.26202
-180.218
-87.476
406.817
-7.64106
-204.144
308.136
209.718
-393.644
440.922
51.8862
25.7115
-268.154
123.322
-306.256
270.331
128.695
310.959
197.691
94.2284
-11.238
164.793
117.757
13.6482
204.176
-344.856
-373.181
-33.2412
731.897
184.886
192.433
310.421
116.794
-29.1298
246.904
-406.61
105.795
259.179
168.471
-402.804
32.4311
198.815
-106.157
184.572
-409.191
370.477
117.88
44.722
203.301
154.539
379.329
356.231
123.651
-229.694
469.316
-88.8606
-160.349
-472.514
-173.448
-115.451
293.399
-132.216
-385.624
34.1298
450.776
-139.082
201.82
92.4848
351.305
84.8927
416.849
-82.5056
-396.132
-186.369
4.9255
341.872
316.967
-366.239
-9.83575
-15.2989
-141.074
-44.5994
-302.613
382.325
277.589
-506.84
-445.417
-527.86
-776.594
-357.325
-116.71
-346.401
229.736
-10.9423
302.675
-109.039
-28.1907
-612.719
-145.107
115.876
242
-114.494
162.128
-329.604
212.132
392.522
163.609
-81.6081
216.545
67.6763
-12.5481
-278.837
-123.319
131.818
24.8413
-45.5825
410.358
-551.759
134.489
115.442
-48.6515
-197.018
-132.535
281.196
88.4335
83.5497
101.576
-423.76
-127.449
217.724
-767.805
19.8478
440.905
-301.244
80.3341
-9.64424
-280.514
110.021
-204.224
66.9351
564.394
174.405
-16.6178
-239.384
-353.54
122.488
424.646
208.83
583.943
335.84
384.09
141.447
104.707
-101.008
-301.022
211.656
276.491
332.646
-189.341
273.429
5.18829
-218.534
-76.3157
-53.5312
-169.954
120.543
-97.6162
-254.272
19.3181
-93.5072
-113.474
286.375
13.5465
237.745
341.835
120.446
144.025
166.195
143.155
11.9407
-356.536
-424.418
322.586
7.00082
94.8413
284.972
256.836
535.417
-161.967
64.4944
-39.8381
-99.0008
-43.2444
121.886
115.861
23.6154
175.236
-27.3093
-570.946
-25.2452
-93.0288
21.4656
-81.1899
34.907
-717.824
5.2716
-394.59
-235.81
180.05
388.411
216.501
230.463
91.2468
32.2613
112.312
161.929
-236.563
-162.236
-110.619
430.274
158.325
139.232
-17.7299
112.006
-601.038
45.7837
352.957
-355.11
-69.1178
1.40867
-261.554
377.358
220.933
-437.086
6.49841
118.986
-106.223
-53.9688
-139.74
-3.46316
-227.078
-294.494
-140.912
44.2372
126.387
57.3654
-42.3205
-151.408
80.9928
233.941
290.134
418.207
196.306
493.653
-27.3742
394.081
89.2307
-296.686
133.583
-99.827
175.298
48.379
18.4086
-184.904
-189.518
445.946
112.069
171.877
-110.604
-117.808
204.593
-348.848
-318.304
-48.298
-255.669
-311.581
123.163
-339.06
-170.334
25.5529
109.393
-69.0937
-76.8422
-52.0272
-236.135
429.643
-57.234
-98.2532
383.046
-144.405
354.583
348.327
192.837
106.351
-44.4976
-183.238
-19.9695
58.2749
84.5865
-339.069
173.788
169.847
-133.857
-154.417
-122.844
-427.02
-362.836
226.728
-71.3037
-38.0857
-14.2612
100.962
537.854
315.788
-131.851
-58.1314
151.139
55.75
-287.287
-42.141
280.113
-113.47
-420.498
-250.992
342.544
-63.923
-71.8093
-188.46
-262.323
-181.244
24.8117
154.174
4.18026
192.891
53.1578
68.3133
216.928
167.045
-140.472
58.0833
-48.1995
23.0385
3.83417
417.083
201.36
208.833
-145.206
-160.412
-239.06
-186.228
162.873
-34.5296
541.158
-258.411
382.287
-34.5304
64.133
-211.561
32.4191
-65.2332
-301.698
-67.0994
-105.054
-25.9599
-453.111
67.1563
-383.468
55.9951
-178.768
-128.502
217.078
-65.5288
-83.0441
392.364
-101.483
-48.6362
56.3902
255.206
-67.0328
601.191
195.352
-165.248
-21.077
-416.778
132.562
222.748
178.241
-205.82
-503.339
-132.15
93.0024
36.3462
-314.672
119.01
1.70753
-271.315
-204.389
-201.007
-76.3421
267.161
129.631
-70.1138
-236.417
92.476
389.264
-154.599
323.052
139.635
-282.326
-181.053
54.2284
31.3647
-79.6434
226.183
-105.57
398.728
107.389
-227.305
-399.993
85.2364
120.598
129.452
430.489
-205.287
-309.401
152.329
364.461
-23.1186
44.9103
167.352
501.323
235.263
-93.9078
1.1843
171.727
-232.999
53.3966
16.4471
105.538
-439.948
-416.625
308.381
-165.474
223.578
4.81084
-4.55449
76.1427
-216.913
135.81
6.0922
-257.591
-471.939
13.4063
-223.34
210.612
99.2404
413.153
-344.096
-45.7388
-154.647
-210.493
112.042
-128.764
-110.822
35.2604
19.5569
194.003
30.7291
-23.867
-323.125
135.233
-22.1706
103.008
-92.3205
-285.546
721.957
72.073
-391.106
112.975
-181.211
-143.917
-6.42949
176.785
219.198
141.599
-225.427
3.83417
-2.9848
-197.143
-172.876
119.459
2.76366
-90.9327
124.638
48.2171
-207.425
232.889
165.795
146.294
-211.294
299.455
448.758
-103.678
-210.498
100.786
-73.101
-294.381
137.942
19.9704
-166.309
486.258
-203.707
-101.07
71.2028
257.965
46.8301
209.957
173.526
404.057
605.477
-35.3822
163.788
-395.181
148.34
100.777
282.603
-74.6859
563.015
219.611
-177.706
424.574
153.579
51.4984
-24.1442
142.392
-278.357
159.865
258.212
-100.511
-118.764
-315.953
407.897
17.1354
312.651
-125.341
-346.877
-51.3157
-201.132
-107.711
-255.052
133.092
-180.377
113.283
5.44873
133.825
-120.595
165.125
38.4511
-100.667
0.131397
228.026
-270.214
186.893
-153.659
-170.446
-456.808
-403.354
-508.695
-194.084
73.1578
-93.887
155.116
383.516
139.767
-4.13303
-429.889
-60.0208
321.282
-2.54487
-237.676
-0.72677
-277.819
-274.616
-51.8718
-364.488
-381.216
241.498
63.1731
197.973
-177.727
162.188
-348.668
264.372
-308.252
231.48
343.124
-329.117
-136.744
-197.312
106.402
151.432
414.361
170.026
221.56
395.295
-280.253
-55.1226
-91.782
191.97
253.711
195.876
246.399
-282.762
33.948
331.59
53.4239
70.6555
29.8742
-306.384
172.909
-123.113
47.8077
-87.4616
-25.1073
8.10095
-18.4247
-414.469
-242.559
-75.903
258.612
-315.812
364.697
60.7156
398.829
67.234
60.1907
-85.5232
-135.99
-214.918
255.412
122.461
209.312
-4.97037
-237.329
92.6642
236.701
-132.856
-15.0417
-27.407
380.381
122.296
189.871
105.586
-300.863
-243.632
188.481
-121.534
-249.545
17.8558
-498.904
183.426
219.945
-148.083
46.9791
43.7556
-59.1867
-245.102
-76.157
-180.042
-254.74
-78.1074
278.495
-315.367
-169.805
-301.051
-87.8077
66.4711
379.978
73.9263
124.474
112.102
275.828
-319.664
-35.4094
-131.54
14.0641
208.917
-572.731
-61.9407
-84.0521
-125.807
184.183
11.7677
-32.9872
0
0
0
0
0
0
0
0
0
0
0
0
0
0
0
0
0
0
0
0
0
0
0
0
0
0
0
0
0
0
0
0
0
0
0
0
0
0
0
0
0
0
0
0
0
0
0
-234287
3.52871e+06
107971
-401265
-342352
-79707.9
208099
274652
77845.5
-152980
-196342
-56250
102153
141073
45367
-72581.3
-100914
-33340.6
49674.9
72139.7
25591.1
-34539.8
-51950.6
-19101.8
23770.5
36598.3
13846.6
-16446.1
-25699.6
-9947.98
12083.1
18345.5
7704.03
-8055.58
-12998.6
-6047.6
5802.8
9986.05
4181.15
-3990.57
-6378.7
-3039.14
2274.85
4894.87
2750.62
-2059.65
-3501.8
-1145.86
1516.04
2039.06
1330.03
-1089.28
-1805.94
-847.526
598.112
1297.26
658.985
-139.323
-933.14
-449.205
149.558
520.449
217.129
-549.098
-586.948
105.162
-311.499
668.848
157.39
-0.346752
44.2033
-99.8992
159.978
-0.185824
-39.8813
126.518
232.559
-492.969
-135.205
136.016
-54.8348
151.013
-262.441
-349.188
-311.796
349.975
-235.011
244.323
122.357
-310.137
13.0588
402.382
-77.5528
-112.883
-1413.87
316.657
31.0583
-198.801
65.9059
-349.696
438.735
372.593
-406.314
-239.977
-173.055
-468.864
349.746
759.149
185.761
-115.564
157.991
157.458
136.753
-407.812
200.027
-317.554
-373.751
126.357
250.286
861.587
284.019
113.112
661.795
-91.1441
-136.753
14.4209
171.786
-1179.01
-176.77
453.36
0.575696
-811.7
-653.423
69.8811
-145.489
-602.799
-157.247
181.792
81.1564
51.5531
-64.426
361.968
442.61
108.054
177.792
-17.8635
-434.803
410.518
47.6708
252.757
180.566
78.2894
155.403
-310.83
-451.601
-333.541
604.905
53.7696
-71.3113
-202.591
-391.336
82.915
-288.23
225.816
-332.136
25.3742
-540.454
140.524
91.4842
-31.8198
88.0416
-477.508
260.571
-134.053
-53.7016
-337.634
-807.928
646.409
-206.591
246.243
681.782
190.522
499.761
-120.19
-182.808
9.84508
369.708
34.8908
156.79
159.793
140.102
-715.429
-212.107
256.41
26.2038
641.368
-273.19
-444.276
511.272
76.252
-117.273
-464.728
392.426
-166.059
-408.227
107.825
141.421
40.9465
-418.072
408.971
-252.367
60.129
265.698
524.045
-252.806
-307.499
-587.871
-119.05
20.2659
80.7167
-162.127
31.0583
-438.871
-405.639
-173.055
-217.401
36.1667
-87.0262
-53.7945
335.901
-29.7891
122.728
183.941
165.477
-175.6
-221.098
76.8593
137.539
52.8472
-373.497
-309.74
-87.0013
-324.161
-157.179
118.914
-520.442
598.967
-237.116
197.414
563.816
18.5072
381.77
-382.835
-118.821
-163.582
-68.0296
44.1602
122.196
-470.876
22.3033
493.613
305.604
739.992
391.379
100.01
-44.414
521.829
193.135
108.815
-500.108
106.716
-308.75
45.5721
-204.832
-312.167
-132.87
89.1748
466.647
271.796
624.935
-91.0263
-339.783
-84.3883
-518.64
55.2313
-132.295
396.03
-254.286
-487.743
-148.882
-144.102
-221.445
476.4
22.2037
727.447
141.347
248.113
-428.103
-411.255
-118.264
-268.657
-76.5557
-81.1315
431.546
-143.874
600.837
-246.615
65.1195
-222.924
199.773
50.2341
283.307
-315.245
531.538
27.541
170.492
-147.316
-107.242
138.14
-235.426
-210.863
-17.9066
426.369
236.788
-183.043
-656.848
-134.833
384.983
-192.009
-306.297
165.087
-57.7017
133.056
-182.486
89.5464
52.8223
-443.422
-554.317
-287.647
349.814
-90.5867
280.719
106.134
-27.4298
210.956
81.893
20.6126
6.97816
-339.783
85.1564
459.298
-56.3645
-526.033
44.7857
-816.09
-22.1788
-232.93
-87.1623
-754.438
-305.114
291.58
-160.858
-241.017
-533.983
-190.962
-243.283
98.1654
259.667
-536.182
442.803
32.2097
637.325
566.007
-126.035
-97.3541
3.53553
-11.8078
412.667
179.501
164.969
-106.184
-583.735
-174.071
58.0485
-55.8999
-58.1845
238.961
-129.292
-445.663
598.874
-255.073
-376.822
431.825
-89.9861
374.723
-251.005
175.532
-250.286
96.0169
195.148
271.636
53.262
-42.0797
258.466
150.641
228.701
22.1357
535.624
-231.5
-103.224
-543.11
-54.3702
-184.219
118.338
-96.6855
148.01
-335.325
-163.303
-26.2038
-274.342
-559.748
-25.5534
-30.4577
-12.7551
-225.005
-180.219
-323.467
244.348
22.5753
-5.3622
-526.312
306.025
-87.0511
-366.241
162.845
132.617
-90.8156
20.1049
-286.403
490.635
861.494
271.078
129.935
-13.7274
348.148
-254.955
-290.607
-121.731
173.867
658.767
257.351
-66.9213
378.42
-360.167
-532.157
-61.881
-275.357
13.0588
-197.346
-452.963
142.047
204.207
-486.059
-248.757
-276.304
-163.904
119.979
291.369
51.9928
436.536
-63.0639
969.758
225.785
718.618
166.721
-140.846
-437.552
-259.134
-345.789
-7.64676
-33.3677
176.523
-186.461
85.1315
-449.477
-34.2902
397.045
-321.622
-168.226
180.176
-152.146
-156.164
195.68
-253.636
-94.1653
-762.338
-373.194
47.5597
463.273
-198.733
37.5288
-181.377
-492.826
-88.7102
-154.269
136.524
-99.7814
-6.03081
202.219
149.118
99.9174
346
414.859
46.1909
2.49528
129.453
43.3738
518.894
-368.464
418.308
211.135
-484.232
501.012
-194.944
4.57579
215.692
324.922
-360.581
195.959
251.809
252.825
-435.614
315.338
179.34
-97.379
-191.427
-199.216
-495.786
25.424
493.706
191.841
85.4534
-541.426
-369.658
-258.441
-114.152
-211.278
-456.709
-166.399
342.21
-182.511
-93.3109
196.052
-281.091
-580.267
-61.4413
-66.7604
-322.52
119.125
-123.515
-310.433
-767.007
-451.136
205.111
45.7761
-152.814
-397.553
-203.488
-346.414
145.861
375.553
-300.316
-381.305
240.534
-276.93
-160.901
-102.277
-210.237
45.4792
340.798
-183.272
17.5167
23.2688
343.665
-297.103
36.7423
-857.129
-558.682
202.108
232.584
349.578
-151.892
-406.772
110.76
-299.183
291.79
486.634
703.132
97.8369
53.1939
368.6
400.877
93.3789
90.283
439.818
242.633
-196.213
-242.751
153.186
-411.119
-449.267
-129.935
-104.332
610.31
-75.1504
107.292
-110.066
30.6435
-417.682
-385.695
455.279
-242.986
132.344
-386.395
-554.039
-139.248
-5.75208
317.783
307.777
-70.4137
-187.037
59.6893
-134.883
56.3147
46.1478
117.552
-127.837
56.4076
-164.969
954.415
-342.26
73.3238
418.004
10.6497
-103.503
24.9595
-79.2617
24.3091
-379.528
-237.735
-93.1251
-431.614
-124.573
120.394
-201.482
-256.707
475.384
9.95622
-241.896
-446.196
-255.921
-808.393
-326.167
-105.187
169.13
-96.3636
-116.047
71.4722
-130.028
393.602
306.297
255.76
606.75
365.937
-341.771
9.68415
-14.235
-244.577
-149.44
-208.411
-311.245
153.211
-214.677
-205.915
77.367
133.056
-212.318
-134.951
-102.877
-0.50768
-421.125
-372.061
-35.0766
-255.023
71.454
507.755
117.155
-87.9736
-216.962
-49.0578
-166.517
238.961
-251.302
-493.706
206.591
465.997
-484.765
-319.052
516.77
332.848
-138.029
24.6127
-301.425
-426.252
215.024
-636.378
-211.135
-435.428
178.053
-81.9428
-10.0989
63.2248
-295.208
-552.076
-427.614
497.545
292.824
260.775
-41.8507
230.528
-73.5096
32.6062
178.789
300.774
430.413
302.483
397.088
269.673
51.0885
-58.878
-274.527
-397.156
-92.5494
-315.678
79.7693
-296.13
-60.6118
221.909
423.224
-234.943
-452.641
36.4205
-237.16
-163.235
-88.4564
-456.641
196.145
357.021
549.141
398.915
6.83545
31.5909
-48.4821
125.224
252.503
-19.6902
-31.634
248.367
-49.8691
171.093
-199.216
47.3738
555.011
-358.965
-219.872
217.147
-141.168
87.441
509.074
-42.73
-183.687
408.692
70.1781
21.467
36.3956
207.049
-234.41
412.76
135.78
-44.8288
-57.1011
-329.176
230.553
325.963
4.45798
-348.749
255.463
-499.439
-134.3
-127.025
-88.0665
-642.105
-3.13899
106.667
83.6516
22.6682
-570.819
31.9625
-10.7924
177.148
945.932
-167.031
591.71
-230.485
-4.80473
61.3053
672.148
-202.201
-45.0826
-179.272
-79.6084
-209.036
-4.04321
-153.322
-56.3827
-263.871
160.3
-181.099
182.925
194.108
-193.6
404.463
-38.8478
354.711
-65.9989
158.777
269.14
490.678
444.251
-149.304
-44.5749
-540.107
-1.17629
-368.321
-178.139
17.9315
190.876
-88.9458
-236.881
-306.923
-313.622
131.372
-396.376
179
95.6884
-169.799
13.7274
-8.39006
-239.376
-397.045
-650.631
-651.325
125.645
-166.752
29.5352
312.861
248.967
-17.2878
-218.002
-446.889
-228.745
498.399
-26.3465
429.651
-246.869
-473.854
-97.1434
527.86
499.643
-43.5165
-42.4944
-7.51073
242.844
-157.923
54.0982
262.416
226.875
-133.081
252.596
267.153
48.5252
-231.197
354.111
130.028
87.6019
564.162
-62.6491
-222.485
146.876
-66.4136
30.179
318.756
611.233
-50.2408
-179.551
-175.043
175.761
-142.14
6.49537
396.259
321.641
-406.129
204.002
522.058
102.945
-342.997
-226.342
-301.4
-69.6455
293.474
45.7761
-239.934
-249.289
-185.235
52.7112
15.2753
-35.3802
-183.662
298.118
25.1635
-279.146
-202.473
234.157
-125.595
-402.89
242.708
198.083
-327.746
-253.933
-437.23
147.62
143.985
-9.49833
114.71
218.002
-193.024
-75.1006
-203.86
-183.594
-353.046
-351.312
32.5382
-444.301
-103.546
-253.011
-132.016
-65.4414
221.63
162.127
864.268
273.827
134.189
-95.856
-332.086
-299.573
-121.824
590.484
236.255
159.953
8.77993
-18.7179
-122.196
-336.062
296.18
-515.941
-107.471
67.9616
635.245
-145.124
322.477
136.22
596.329
10.3959
12.2474
251.834
77.8249
157.483
-99.4595
195.612
68.1905
-104.264
-374.098
703.832
475.124
515.934
-53.5225
154.988
209.29
266.366
195.588
-38.3152
510.021
-407.701
-553.277
74.228
-217.265
138.443
-201.296
248.392
-45.8259
158.084
179.204
773.985
319.12
175.526
-260.36
317.208
-34.6867
-78.89
361.25
150.963
-21.9996
-125.224
-388.909
-297.585
-93.0322
-604.626
-146.04
281.598
-112.84
165.687
-241.135
-318.57
-297.4
465.539
-19.4363
195.08
256.453
258.094
713.441
-164.003
-240.763
-240.162
188.288
227.568
154.87
-66.2527
390.16
-194.343
50.7484
35.1695
144.703
161.433
455.161
172.962
-160.951
-28.3523
163.861
194.108
-65.4663
44.6678
-221.03
-169.613
-108.054
-139.341
-30.6186
232.609
426.506
196.442
217.791
-149.972
-452.666
-316.093
-182.739
82.983
180.752
178.95
251.599
-422.233
126.128
562.682
-147.502
-368.829
215.439
-450.357
216.851
158.152
242.912
63.1999
191.866
-222.51
-191.334
-233.531
119.379
-672.427
-212.962
-97.583
225.674
67.7757
-149.465
-540.869
228.312
381.33
399.354
220.472
-81.9428
172.665
-56.6864
-309.951
-17.1882
-131.626
-547.085
-206.33
-113.899
184.634
50.6306
-80.141
-133.657
-78.6362
-69.7633
-131.093
-213.494
391.014
481.272
-274.366
-241.364
135.162
0.414768
-388.68
235.729
631.938
411.924
187.358
-153.694
-18.625
99.7814
-173.588
109.441
-424.221
-419.527
109.812
-295.716
-47.0453
389.534
-27.2009
-151.013
-64.2153
376.247
-188.356
25.0955
126.611
178.139
-510.368
-170.789
110.481
-96.6855
-45.7081
-301.561
404.048
-313.604
-277.573
109.026
-448.276
-193.389
260.614
276.465
385.906
238.843
59.4106
248.02
141.236
372.457
257.561
456.802
476.511
-62.7172
-56.5934
-375.46
6.81723
-751.478
-195.953
184.219
129.081
-294.861
-141.929
-246.633
-139.341
370.841
20.241
119.768
-83.7196
-7.44272
-91.0446
82.0108
-412.921
294.632
-141.632
95.0446
-221.03
233.971
115.979
47.0022
-115.15
-148.053
-135.044
-108.654
168.969
769.477
-584.85
-169.817
242.751
-1.38701
-128.598
-244.899
256.249
63.5218
-61.8378
-123.143
-668.173
216.783
200.392
209.036
46.8844
200.603
326.817
-160.765
-466.715
-96.128
-208.25
115.657
-416.456
-59.8253
314.273
293.356
285.431
-34.7796
-407.905
-178.325
-541.469
-360.278
-47.3921
-143.409
-156.003
-209.197
561.091
389.577
113.112
-267.431
45.9868
35.3553
725.528
226.918
-242.243
161.78
-24.7487
-72.8841
491.929
353.021
-64.5438
-486.888
32.885
-157.297
78.822
-190.318
-229.395
-222.646
149.904
-516.931
-171.829
790.115
211.253
133.911
279.908
-430.97
-256.936
327.467
592.261
-356.563
-542.324
253.153
-17.7955
-165.916
-294.236
-191.08
-174.535
141.539
1.2692
392.748
331.207
244.206
-210.795
-230.41
104.797
-16.2907
295.344
-258.212
103.596
321.412
-50.1479
321.69
-2.95984
-62.0917
-461.124
-148.028
-53.033
-21.467
131.093
-120.233
-55.875
-51.4851
-238.707
101.955
-478.963
15.4611
114.524
101.837
253.45
571.326
266.688
-428.729
-245.475
-268.193
358.086
62.2277
-460.406
123.93
-230.943
-372.364
-350.711
-52.4075
-233.531
83.2618
414.004
279.908
316.05
404.345
396.419
-35.7519
-399.354
588.174
-95.695
-264.379
-362.73
-194.59
-32.7671
-28.1914
693.454
157.848
616.942
-307.573
401.967
-412.066
-293.61
-57.423
246.565
-56.8473
-88.9209
22.9719
40.9465
103.664
165.73
-308.31
-66.2958
483.378
291.462
225.903
-698.63
-131.205
316.421
220.59
22.3895
-23.4546
278.038
-294.886
49.2005
-24.9346
-1.64085
94.5121
-273.369
39.3305
294.861
411.856
-551.457
303.877
8.84795
198.015
748.45
-486.362
285.32
43.4418
496.387
273.945
-284.001
-455.415
191.916
-87.4659
543.16
52.9832
-45.6152
350.99
265.927
319.517
553.692
41.4542
355.82
265.326
-68.0545
577.45
228.93
536.893
36.7175
52.7543
-513.303
-12.3586
-18.9037
66.5994
231.29
126.028
460.963
7.55385
169.545
134.096
-239.841
224.472
-106.852
200.417
-11.461
-58.0485
491.582
211.228
408.413
174.003
11.7149
285.71
-261.147
125.663
-415.001
-97.583
-116.326
368.253
244.46
244.113
-35.5412
260.546
567.58
-165.087
228.609
-104.611
26.9222
-427.664
-81.9859
-16.5694
-661.609
123.979
-376.271
-57.8377
360.742
-114.295
521.414
33.9434
278.106
-136.109
-247.234
-601.666
612.948
-116.469
180.151
142.047
540.937
-314.458
-688.253
-222.088
137.818
359.262
-2.86693
-190.25
-43.095
504.913
-246.057
-60.9585
-272.955
111.199
175.483
198.43
320.786
300.267
438.059
94.673
278.199
-175.532
-258.187
151.384
498.096
-96.3636
-170.399
241.735
-325.827
263.227
-5.61604
334.675
-75.5652
90.215
-453.106
594.23
-202.987
-446.518
472.889
224.955
220.497
298.025
314.755
407.627
41.0145
272.261
289.728
222.646
638.526
-349.17
-172.87
402.915
-64.3829
-149.254
165.248
362.104
178.993
-338.836
-28.699
162.22
178.671
-376.271
-57.3981
10.7675
-232.144
-324.947
-363.374
153.972
347.776
-280.558
-20.5877
367.813
22.7362
-100.983
207.141
-479.842
-165.037
-687.906
347.944
-436.147
-613.728
-284.019
146.969
10.074
-155.31
188.702
-237.946
72.3764
351.752
-313.418
17.5416
44.482
-310.365
161.458
-27.4298
-167.049
85.986
-33.1139
144.635
-265.308
136.134
108.122
-170.077
-610.124
-153.898
30.8044
-9.31251
102.716
-90.5618
361.089
-40.4886
-111.657
220.522
-211.488
-67.5899
48.0425
145.557
-403.862
-10.2101
26.3647
-34.8477
-463.688
342.049
-555.061
-121.892
431.199
389.348
100.772
-169.291
-54.3271
300.731
-169.316
-166.678
-25.1884
6.14862
53.9555
290.31
-165.966
-108.215
-230.689
56.6864
-134.443
-374.977
-154.591
62.0237
26.8973
-141.168
413.175
-152.146
-256.224
-568.206
175.625
-13.3557
-60.5686
-216.869
-18.8789
-82.4504
-374.005
251.952
105.601
-91.67
-331.857
513.328
-142.926
-496.387
-247.648
68.9338
-5.26929
14.3031
-265.512
203.631
-504.362
-110.499
361.343
469.972
117.434
116.926
834.275
345.046
-11.2321
152.746
-54.4449
4.32195
106.32
12.3404
-93.057
-258.627
249.085
73.1811
199.402
354.847
-321.783
216.733
-390.067
165.341
-647.56
316.446
8.34027
415.509
697.726
51.2495
206.981
-208.714
-206.541
640.954
681.597
527.903
-13.9381
-324.693
-360.371
-199.606
54.6988
729.41
783.502
188.281
7.83259
-178.603
-282.843
-357.089
-676.098
318.873
288.112
488.783
-309.468
-533.197
60.1539
-33.2997
287.536
-352.681
-400.945
-315.288
-365.615
-189.811
-274.453
209.222
146.598
426.184
144.331
189.625
200.231
173.935
-85.918
412.506
-359.845
-389.07
-12.8231
-101.93
450.957
-13.3375
14.5138
-3.37461
-150.666
-49.4726
88.6422
159.285
756.654
213.283
142.208
224.033
-80.3019
48.4572
-351.937
-42.9341
-170.814
-168.504
215.185
-176.133
353.442
329.727
-46.4945
-116.673
-289.592
496.504
-497.037
-123.186
37.5968
-82.7972
-56.4756
-131.762
107.732
85.1747
-532.528
416.159
431.335
490.306
-132.666
-74.4071
-254.676
95.5092
330.538
9.44854
218.974
-511.941
335.697
79.9054
183.086
330.285
140.009
-286.31
639.913
673.324
297.189
-415.509
173.96
389.974
18.6681
-388.748
-344.241
119.632
361.343
86.7226
88.3883
241.803
33.6216
158.338
-209.501
-119.583
-135.323
345.932
139.595
250.955
-32.5382
158.152
-424.128
145.261
87.1623
-379.181
63.1568
407.905
-504.201
152.864
145.304
-395.59
-12.7302
194.201
538.813
-171.05
21.7458
-377.219
-319.145
-419.434
580.249
461.675
225.927
108.722
-194.064
-512.238
298.607
-66.3456
-188.331
-327.628
-19.0149
16.5445
103.063
-54.9526
-746.648
-179.823
312.192
205.383
-271.153
257.89
-545.562
-2.88515
376.661
112.536
-221.655
122.314
441.273
-588.961
-351.727
-69.1378
19.0647
122.796
-77.5959
74.5001
101.744
49.3365
242.751
401.088
356.996
174.442
-53.5905
-725.088
